%YAML 1.2
---
best_J: 2.201451335473555
best_R: 10.0
best_V: 0.0
execution_time_sec: 62.263458013534546
