%YAML 1.2
---
best_J: 124.2312414458072
best_Q: 157.53561401367188
best_R: 904.5182084505684
