%YAML 1.2
---
best_J: 90.60667497687936
best_Q: 118.32414245605469
best_R: 600.6836398364084
