%YAML 1.2
---
best_E: -1.5894756317138672
best_J: 103.92979016213408
best_Q: 100.94569396972656
best_R: 1016.4980226333668
