%YAML 1.2
---
best_E: -3.518007278442383
best_J: 164.66930105897168
best_Q: 166.1029510498047
best_R: 1799.0627424468166
