%YAML 1.2
---
best_J: 44.826660611004584
best_Q: 19.173274993896484
best_R: 4.58020751685238
