%YAML 1.2
---
best_E: 2.482595205307007
best_J: 59.14673245502932
best_Q: 48.81268310546875
best_R: 149.69673813831568
