%YAML 1.2
---
best_J: 266.75219222371396
best_Q: 247.3998260498047
best_R: 2728.8133489159263
