%YAML 1.2
---
best_J: 252.42882819244997
best_Q: 240.97024536132812
best_R: 3261.3879985821077
