%YAML 1.2
---
best_J: 275.34394106333446
best_Q: 263.6803283691406
best_R: 1649.8039734989409
