%YAML 1.2
---
best_J: 217.51905633134137
best_Q: 273.01837158203125
best_R: 2880.771234650976
