%YAML 1.2
---
best_J: 247.24047879807
best_Q: 298.5927429199219
best_R: 3174.133550961694
