%YAML 1.2
---
best_J: 2.124273585103522
best_R: 9.285714285714286
best_V: 6.962908963460694e-11
execution_time_sec: 58.25644087791443
