%YAML 1.2
---
best_J: 209.47103943197644
best_Q: 212.481201171875
best_R: 2492.4433702051765
