%YAML 1.2
---
best_J: 206.99387333070368
best_Q: 189.1492156982422
best_R: 2472.407092537881
