%YAML 1.2
---
best_E: 0.8706058263778687
best_J: -103.387757142639
best_Q: -141.4002685546875
best_R: -129.92341896531926
