%YAML 1.2
---
best_J: -59.16874180621401
best_R: -89.4
best_V: -56.60365633817507
execution_time_sec: 1753.7373070716858
