%YAML 1.2
---
best_E: 3.6492056846618652
best_J: 250.31618253001338
best_Q: 232.3230743408203
best_R: 2462.839324512372
