%YAML 1.2
---
best_E: 3.6091489791870117
best_J: 253.02053668013704
best_Q: 249.77584838867188
best_R: 1544.2327418519124
