%YAML 1.2
---
best_E: 1.119325876235962
best_J: 251.83884839720835
best_Q: 241.37551879882812
best_R: 2996.358961438067
