%YAML 1.2
---
best_E: 0.625307559967041
best_J: 272.5904449978891
best_Q: 274.5595703125
best_R: 2993.2596646490174
