%YAML 1.2
---
best_J: 2.124273585103522
best_R: 9.285714285714286
best_V: 9.442207175604893e-08
execution_time_sec: 65.34996271133423
