%YAML 1.2
---
best_E: 5.522627830505371
best_J: 241.55389619903934
best_Q: 206.5728302001953
best_R: 2746.8116700578944
