%YAML 1.2
---
best_E: 6.491780757904053
best_J: 245.59309021355043
best_Q: 230.0857696533203
best_R: 1374.1546604691362
