%YAML 1.2
---
best_J: 2.124273585103522
best_R: 9.285714285714286
best_V: 3.397903671824439e-47
execution_time_sec: 133.79119038581848
