%YAML 1.2
---
best_J: -176.97437524767224
best_R: -276.2326347174209
execution_time_sec: 12307.974893808365
