%YAML 1.2
---
best_E: 5.682751178741455
best_J: 175.94824414463852
best_Q: 175.11898803710938
best_R: 1325.8775522817948
