%YAML 1.2
---
best_E: 5.715998649597168
best_J: 187.5624703277943
best_Q: 194.20089721679688
best_R: 2689.3779525298687
