%YAML 1.2
---
best_E: 0.1256948709487915
best_J: 215.3962355498786
best_Q: 186.85189819335938
best_R: 2583.8117749179364
