%YAML 1.2
---
best_J: -257.71145899305424
best_R: -700.6025800096024
execution_time_sec: 17535.815738916397
