%YAML 1.2
---
best_J: -197.18098747307894
best_R: -317.33572519708514
execution_time_sec: 15446.88656949997
