%YAML 1.2
---
best_J: -176.9941540869785
best_R: -276.2159321345133
execution_time_sec: 11506.606482744217
