%YAML 1.2
---
best_J: 7.686929791991936
best_R: 836.9876422553737
best_V: 7.636524844861064
execution_time_sec: 26925.577099084854
