%YAML 1.2
---
best_J: 624.1566807214979
best_Q: 503.68170166015625
best_R: 8301.891746713456
