%YAML 1.2
---
best_J: 169.1527533454596
best_Q: 147.0484619140625
best_R: 1562.3985973662832
