%YAML 1.2
---
best_J: 584.6998467442987
best_Q: 579.8839111328125
best_R: 8386.318069945164
