%YAML 1.2
---
best_J: 2.124273585103522
best_R: 9.285714285714286
best_V: 0.010395761964031896
execution_time_sec: 62.503621101379395
