%YAML 1.2
---
best_E: -1.7949609756469727
best_J: 175.07872043332014
best_Q: 173.60379028320312
best_R: 1764.7664222926828
