%YAML 1.2
---
best_E: 1.0818145275115967
best_J: -93.46208270694498
best_Q: -106.79393005371094
best_R: -112.93258549619921
