%YAML 1.2
---
best_J: -1.3209199278325423
best_R: -1.3998203227551502
execution_time_sec: 4209.75704574585
