%YAML 1.2
---
best_J: -1.3171052629443512
best_R: -1.3906459695576376
execution_time_sec: 444.91641640663147
