%YAML 1.2
---
best_E: 0.2770129442214966
best_J: 293.2228894571404
best_Q: 271.1375732421875
best_R: 4485.093160105509
