%YAML 1.2
---
best_E: 3.250720977783203
best_J: 139.20383756717018
best_Q: 143.21278381347656
best_R: 1689.417425552291
