%YAML 1.2
---
best_J: 2.124273585103522
best_R: 9.285714285714286
best_V: 2.2169145847195864e-08
execution_time_sec: 99.38796019554138
