%YAML 1.2
---
best_E: 0.9259390830993652
best_J: 236.43895099961014
best_Q: 233.0818634033203
best_R: 813.9697840344558
