%YAML 1.2
---
best_E: 1.8867290019989014
best_J: 34.53639125416566
best_Q: 38.95724868774414
best_R: -73.41819808741205
