%YAML 1.2
---
best_J: -59.59139957280877
best_R: -90.4
best_V: -59.34145133628103
execution_time_sec: 1801.6960570812225
