%YAML 1.2
---
best_J: 6.251142107584785
best_Q: 2.12190318107605
best_R: 362.2
execution_time_sec: 1713927.0731656551
