%YAML 1.2
---
best_J: -1.317395536812242
best_R: -1.3899728109311256
execution_time_sec: 528.31485414505
