%YAML 1.2
---
best_J: -1.3460005408748281
best_R: -1.4092363982900338
execution_time_sec: 4523.750692367554
