%YAML 1.2
---
best_J: -93.98461315866497
best_Q: -60.21836471557617
best_R: -119.5687403719716
