%YAML 1.2
---
best_J: 167.38952240529275
best_Q: 272.9221496582031
best_R: 800.7414292566824
