%YAML 1.2
---
best_J: -177.43851842015505
best_R: -273.34264218954434
execution_time_sec: 12217.645663022995
