%YAML 1.2
---
best_J: 50.07102632138988
best_Q: 53.72449493408203
best_R: 236.27199096834383
