%YAML 1.2
---
best_J: 226.7938581528452
best_Q: 235.55319213867188
best_R: 1337.9674206479515
