%YAML 1.2
---
best_J: 341.46644713241824
best_Q: 229.3404998779297
best_R: 3407.8337507926553
