%YAML 1.2
---
best_J: 279.0075525267434
best_Q: 220.3196258544922
best_R: 3318.9366080052414
