%YAML 1.2
---
best_J: 281.23125001192307
best_Q: 205.1020050048828
best_R: 4613.223704122085
