%YAML 1.2
---
best_J: 275.5286069608305
best_Q: 231.5703887939453
best_R: 4395.941565799695
