%YAML 1.2
---
best_J: -1.3141447276709088
best_R: -1.385101241867911
execution_time_sec: 431.4919648170471
