%YAML 1.2
---
best_J: -1.3141430715272948
best_R: -1.3850873456604047
execution_time_sec: 4191.071628332138
