%YAML 1.2
---
best_E: -2.37491512298584
best_J: 257.5562385790649
best_Q: 231.3773193359375
best_R: 2657.166125819688
