%YAML 1.2
---
best_E: -4.25760555267334
best_J: 429.24460739576153
best_Q: 431.02264404296875
best_R: 5750.574054237266
