%YAML 1.2
---
best_J: 164.9877149117895
best_Q: 150.1261444091797
best_R: 1920.9247312743878
