%YAML 1.2
---
best_J: 161.97114615916908
best_Q: 156.16978454589844
best_R: 1530.827217881205
