%YAML 1.2
---
best_E: 3.427520751953125
best_J: -225.34909299084362
best_Q: -262.10394287109375
best_R: -481.64070203868425
