%YAML 1.2
---
best_E: 0.2611022889614105
best_J: -90.55511013300483
best_Q: -108.24072265625
best_R: -108.90925132655829
