%YAML 1.2
---
best_J: 207.98462177426654
best_Q: 214.01681518554688
best_R: 2620.038914843425
