%YAML 1.2
---
best_J: 217.67941709445154
best_Q: 190.68238830566406
best_R: 2507.346327215007
