%YAML 1.2
---
best_E: -7.475796699523926
best_J: 192.61696279115102
best_Q: 179.61265563964844
best_R: 2221.6256938931965
