%YAML 1.2
---
best_E: -5.595288276672363
best_J: 374.70118467469814
best_Q: 349.9685974121094
best_R: 3766.29916459679
