%YAML 1.2
---
best_J: 173.0372075858804
best_Q: 185.7651824951172
best_R: 517.8946115131109
