%YAML 1.2
---
best_J: 234.38443166147263
best_Q: 190.58596801757812
best_R: 2476.6944243749413
