%YAML 1.2
---
best_E: -0.6708945631980896
best_J: 350.48917081284264
best_Q: 301.1307373046875
best_R: 3278.095397618912
