%YAML 1.2
---
best_E: 1.2688941955566406
best_J: 263.7319957789005
best_Q: 262.1295471191406
best_R: 2190.227012108974
