%YAML 1.2
---
best_E: 0.907681941986084
best_J: 277.5365818846818
best_Q: 278.3778991699219
best_R: 2787.2262479750757
