%YAML 1.2
---
best_E: 1.5713932514190674
best_J: 62.80408171496656
best_Q: 67.99273681640625
best_R: 158.2499590468031
