%YAML 1.2
---
best_E: -1.8994369506835938
best_J: 195.86631027282084
best_Q: 190.9139862060547
best_R: 2376.548660071499
