%YAML 1.2
---
best_E: -2.773463726043701
best_J: 212.91840543315988
best_Q: 212.56069946289062
best_R: 2552.1346931692433
