%YAML 1.2
---
best_E: 0.3510829210281372
best_J: 832.2071946177545
best_Q: 608.4185791015625
best_R: 12608.25753802255
