%YAML 1.2
---
best_E: -6.4641618728637695
best_J: 326.4482942854279
best_Q: 313.3796081542969
best_R: 4339.120299510006
