%YAML 1.2
---
best_E: -2.5476036071777344
best_J: 296.18588934910423
best_Q: 291.60833740234375
best_R: 3541.224342978802
