%YAML 1.2
---
best_J: 58.43107456275984
best_Q: 76.2304916381836
best_R: 605.1436371904535
