%YAML 1.2
---
best_J: 4.393449933586793
best_R: 834.4273903276342
best_V: 4.740446024042278
execution_time_sec: 26280.241796970367
