%YAML 1.2
---
best_E: -5.961747169494629
best_J: 122.28884536099338
best_Q: 103.82585144042969
best_R: 1309.3745599610043
