%YAML 1.2
---
best_E: -6.380284309387207
best_J: 117.96350392646957
best_Q: 93.2410888671875
best_R: 1232.0158376952343
