%YAML 1.2
---
best_E: 0.6339263916015625
best_J: 180.80038172999986
best_Q: 179.2750244140625
best_R: 2136.510321302708
