%YAML 1.2
---
best_J: 259.3372918056888
best_Q: 360.4549255371094
best_R: 1962.7245911039995
