%YAML 1.2
---
best_J: 261.06212464552175
best_Q: 364.7427978515625
best_R: 1399.469186699918
