%YAML 1.2
---
best_E: -3.9101133346557617
best_J: 84.69556877539227
best_Q: 74.57726287841797
best_R: 971.8838317362148
