%YAML 1.2
---
best_J: -99.99816167463732
best_Q: -93.55745697021484
best_R: -120.50279329749212
