%YAML 1.2
---
best_E: 0.32424139976501465
best_J: 85.45794873812278
best_Q: 71.69874572753906
best_R: 282.38160988450915
