%YAML 1.2
---
best_J: 2.124273585103522
best_R: 9.285714285714286
best_V: 0.000322862754059218
execution_time_sec: 56.22913599014282
