%YAML 1.2
---
best_J: 121.79755236235596
best_Q: 225.6875762939453
best_R: 781.6057111371895
